agency_cd	site_no	month_nu	day_nu	begin_yr	end_yr	count_nu	mean_va	stage_elv	ngvd29_navd88
USGS	6478526	1	1	2013	2021	8	19.94	1119.94	1120.593
USGS	6478526	1	2	2013	2021	8	20.04	1120.04	1120.693
USGS	6478526	1	3	2014	2021	7	20.22	1120.22	1120.873
USGS	6478526	1	4	2014	2021	7	20.35	1120.35	1121.003
USGS	6478526	1	5	2014	2021	8	20.37	1120.37	1121.023
USGS	6478526	1	6	2012	2021	8	20.12	1120.12	1120.773
USGS	6478526	1	7	2012	2021	8	20.26	1120.26	1120.913
USGS	6478526	1	8	2012	2021	9	20.41	1120.41	1121.063
USGS	6478526	1	9	2012	2021	9	20.38	1120.38	1121.033
USGS	6478526	1	10	2012	2020	8	20.63	1120.63	1121.283
USGS	6478526	1	11	2012	2020	8	20.17	1120.17	1120.823
USGS	6478526	1	12	2012	2021	9	19.98	1119.98	1120.633
USGS	6478526	1	13	2012	2021	9	20.05	1120.05	1120.703
USGS	6478526	1	14	2012	2020	8	20.21	1120.21	1120.863
USGS	6478526	1	15	2012	2021	10	20.17	1120.17	1120.823
USGS	6478526	1	16	2012	2021	9	20.04	1120.04	1120.693
USGS	6478526	1	17	2012	2021	9	19.92	1119.92	1120.573
USGS	6478526	1	18	2012	2021	10	20.06	1120.06	1120.713
USGS	6478526	1	19	2012	2021	8	19.79	1119.79	1120.443
USGS	6478526	1	20	2012	2021	8	19.8	1119.8	1120.453
USGS	6478526	1	21	2012	2021	8	19.74	1119.74	1120.393
USGS	6478526	1	22	2012	2021	8	19.93	1119.93	1120.583
USGS	6478526	1	23	2012	2021	8	19.84	1119.84	1120.493
USGS	6478526	1	24	2012	2021	9	19.93	1119.93	1120.583
USGS	6478526	1	25	2012	2021	8	19.9	1119.9	1120.553
USGS	6478526	1	26	2012	2021	9	19.85	1119.85	1120.503
USGS	6478526	1	27	2012	2021	9	19.66	1119.66	1120.313
USGS	6478526	1	28	2012	2021	10	19.75	1119.75	1120.403
USGS	6478526	1	29	2012	2021	10	19.72	1119.72	1120.373
USGS	6478526	1	30	2012	2021	10	19.7	1119.7	1120.353
USGS	6478526	1	31	2012	2021	10	19.66	1119.66	1120.313
USGS	6478526	2	1	2012	2021	10	19.69	1119.69	1120.343
USGS	6478526	2	2	2012	2021	10	19.71	1119.71	1120.363
USGS	6478526	2	3	2012	2021	10	19.66	1119.66	1120.313
USGS	6478526	2	4	2012	2021	10	19.5	1119.5	1120.153
USGS	6478526	2	5	2012	2021	10	19.51	1119.51	1120.163
USGS	6478526	2	6	2012	2021	10	19.6	1119.6	1120.253
USGS	6478526	2	7	2012	2021	10	19.65	1119.65	1120.303
USGS	6478526	2	8	2012	2021	10	19.7	1119.7	1120.353
USGS	6478526	2	9	2012	2021	10	19.72	1119.72	1120.373
USGS	6478526	2	10	2012	2021	10	19.73	1119.73	1120.383
USGS	6478526	2	11	2012	2021	10	19.73	1119.73	1120.383
USGS	6478526	2	12	2012	2021	9	19.66	1119.66	1120.313
USGS	6478526	2	13	2012	2021	9	19.65	1119.65	1120.303
USGS	6478526	2	14	2012	2021	9	19.64	1119.64	1120.293
USGS	6478526	2	15	2012	2021	9	19.56	1119.56	1120.213
USGS	6478526	2	16	2012	2021	9	19.59	1119.59	1120.243
USGS	6478526	2	17	2012	2021	9	19.58	1119.58	1120.233
USGS	6478526	2	18	2012	2021	9	19.54	1119.54	1120.193
USGS	6478526	2	19	2012	2021	9	19.58	1119.58	1120.233
USGS	6478526	2	20	2012	2021	9	19.6	1119.6	1120.253
USGS	6478526	2	21	2012	2021	9	19.58	1119.58	1120.233
USGS	6478526	2	22	2012	2021	9	19.55	1119.55	1120.203
USGS	6478526	2	23	2012	2021	9	19.5	1119.5	1120.153
USGS	6478526	2	24	2012	2021	9	19.43	1119.43	1120.083
USGS	6478526	2	25	2012	2021	9	19.38	1119.38	1120.033
USGS	6478526	2	26	2012	2021	9	19.39	1119.39	1120.043
USGS	6478526	2	27	2012	2021	9	19.44	1119.44	1120.093
USGS	6478526	2	28	2012	2021	10	19.38	1119.38	1120.033
USGS	6478526	2	29	2012	2020	3	19.87	1119.87	1120.523
USGS	6478526	3	1	2012	2021	10	19.38	1119.38	1120.033
USGS	6478526	3	2	2012	2021	10	19.5	1119.5	1120.153
USGS	6478526	3	3	2012	2021	9	19.82	1119.82	1120.473
USGS	6478526	3	4	2012	2021	10	19.84	1119.84	1120.493
USGS	6478526	3	5	2012	2021	10	19.7	1119.7	1120.353
USGS	6478526	3	6	2012	2021	10	19.52	1119.52	1120.173
USGS	6478526	3	7	2012	2021	10	19.42	1119.42	1120.073
USGS	6478526	3	8	2012	2021	10	19.37	1119.37	1120.023
USGS	6478526	3	9	2012	2021	10	19.4	1119.4	1120.053
USGS	6478526	3	10	2012	2021	10	19.39	1119.39	1120.043
USGS	6478526	3	11	2012	2021	10	19.37	1119.37	1120.023
USGS	6478526	3	12	2012	2021	10	19.28	1119.28	1119.933
USGS	6478526	3	13	2012	2021	10	19.53	1119.53	1120.183
USGS	6478526	3	14	2012	2021	10	19.95	1119.95	1120.603
USGS	6478526	3	15	2012	2021	10	20.04	1120.04	1120.693
USGS	6478526	3	16	2012	2021	10	20.01	1120.01	1120.663
USGS	6478526	3	17	2012	2021	10	20.04	1120.04	1120.693
USGS	6478526	3	18	2012	2021	9	20.28	1120.28	1120.933
USGS	6478526	3	19	2012	2021	9	20.38	1120.38	1121.033
USGS	6478526	3	20	2012	2021	9	20.28	1120.28	1120.933
USGS	6478526	3	21	2012	2021	9	20.3	1120.3	1120.953
USGS	6478526	3	22	2012	2021	9	20.48	1120.48	1121.133
USGS	6478526	3	23	2012	2021	9	20.63	1120.63	1121.283
USGS	6478526	3	24	2012	2021	9	20.79	1120.79	1121.443
USGS	6478526	3	25	2012	2021	9	20.94	1120.94	1121.593
USGS	6478526	3	26	2012	2021	9	21.03	1121.03	1121.683
USGS	6478526	3	27	2012	2021	9	21.07	1121.07	1121.723
USGS	6478526	3	28	2012	2021	9	21.08	1121.08	1121.733
USGS	6478526	3	29	2012	2021	9	21.13	1121.13	1121.783
USGS	6478526	3	30	2012	2021	9	21.13	1121.13	1121.783
USGS	6478526	3	31	2012	2021	9	21.16	1121.16	1121.813
USGS	6478526	4	1	2012	2021	9	21.17	1121.17	1121.823
USGS	6478526	4	2	2012	2021	10	21.15	1121.15	1121.803
USGS	6478526	4	3	2012	2021	10	21.16	1121.16	1121.813
USGS	6478526	4	4	2012	2021	10	21.18	1121.18	1121.833
USGS	6478526	4	5	2012	2021	10	21.22	1121.22	1121.873
USGS	6478526	4	6	2012	2021	10	21.27	1121.27	1121.923
USGS	6478526	4	7	2012	2021	10	21.31	1121.31	1121.963
USGS	6478526	4	8	2012	2021	10	21.34	1121.34	1121.993
USGS	6478526	4	9	2012	2021	10	21.37	1121.37	1122.023
USGS	6478526	4	10	2012	2021	10	21.28	1121.28	1121.933
USGS	6478526	4	11	2012	2021	10	21.25	1121.25	1121.903
USGS	6478526	4	12	2012	2021	10	21.24	1121.24	1121.893
USGS	6478526	4	13	2012	2021	10	21.29	1121.29	1121.943
USGS	6478526	4	14	2012	2021	10	21.24	1121.24	1121.893
USGS	6478526	4	15	2012	2021	10	21.26	1121.26	1121.913
USGS	6478526	4	16	2012	2021	10	21.27	1121.27	1121.923
USGS	6478526	4	17	2012	2021	10	21.24	1121.24	1121.893
USGS	6478526	4	18	2012	2021	10	21.2	1121.2	1121.853
USGS	6478526	4	19	2012	2021	10	21.16	1121.16	1121.813
USGS	6478526	4	20	2012	2021	10	21.14	1121.14	1121.793
USGS	6478526	4	21	2012	2021	10	21.13	1121.13	1121.783
USGS	6478526	4	22	2012	2021	10	21.09	1121.09	1121.743
USGS	6478526	4	23	2012	2021	10	21.1	1121.1	1121.753
USGS	6478526	4	24	2012	2021	10	21.11	1121.11	1121.763
USGS	6478526	4	25	2012	2021	10	21.12	1121.12	1121.773
USGS	6478526	4	26	2012	2021	10	21.12	1121.12	1121.773
USGS	6478526	4	27	2012	2021	10	21.14	1121.14	1121.793
USGS	6478526	4	28	2012	2021	10	21.15	1121.15	1121.803
USGS	6478526	4	29	2012	2021	10	21.18	1121.18	1121.833
USGS	6478526	4	30	2012	2021	10	21.23	1121.23	1121.883
USGS	6478526	5	1	2012	2021	10	21.24	1121.24	1121.893
USGS	6478526	5	2	2012	2021	10	21.21	1121.21	1121.863
USGS	6478526	5	3	2012	2021	10	21.22	1121.22	1121.873
USGS	6478526	5	4	2012	2021	10	21.17	1121.17	1121.823
USGS	6478526	5	5	2012	2021	10	21.11	1121.11	1121.763
USGS	6478526	5	6	2012	2021	10	21.12	1121.12	1121.773
USGS	6478526	5	7	2012	2021	10	21.15	1121.15	1121.803
USGS	6478526	5	8	2012	2021	10	21.28	1121.28	1121.933
USGS	6478526	5	9	2012	2021	10	21.29	1121.29	1121.943
USGS	6478526	5	10	2012	2021	10	21.28	1121.28	1121.933
USGS	6478526	5	11	2012	2021	10	21.37	1121.37	1122.023
USGS	6478526	5	12	2012	2021	10	21.49	1121.49	1122.143
USGS	6478526	5	13	2012	2021	10	21.48	1121.48	1122.133
USGS	6478526	5	14	2012	2021	10	21.51	1121.51	1122.163
USGS	6478526	5	15	2012	2021	10	21.49	1121.49	1122.143
USGS	6478526	5	16	2012	2021	10	21.43	1121.43	1122.083
USGS	6478526	5	17	2012	2021	10	21.5	1121.5	1122.153
USGS	6478526	5	18	2012	2021	10	21.46	1121.46	1122.113
USGS	6478526	5	19	2012	2021	10	21.46	1121.46	1122.113
USGS	6478526	5	20	2012	2021	10	21.48	1121.48	1122.133
USGS	6478526	5	21	2012	2021	10	21.43	1121.43	1122.083
USGS	6478526	5	22	2012	2021	10	21.46	1121.46	1122.113
USGS	6478526	5	23	2012	2021	10	21.56	1121.56	1122.213
USGS	6478526	5	24	2012	2021	10	21.63	1121.63	1122.283
USGS	6478526	5	25	2012	2021	10	21.68	1121.68	1122.333
USGS	6478526	5	26	2012	2021	10	21.78	1121.78	1122.433
USGS	6478526	5	27	2012	2021	10	21.78	1121.78	1122.433
USGS	6478526	5	28	2012	2021	10	21.72	1121.72	1122.373
USGS	6478526	5	29	2012	2021	10	21.71	1121.71	1122.363
USGS	6478526	5	30	2012	2021	10	21.72	1121.72	1122.373
USGS	6478526	5	31	2012	2021	10	21.72	1121.72	1122.373
USGS	6478526	6	1	2012	2021	10	21.72	1121.72	1122.373
USGS	6478526	6	2	2012	2021	10	21.71	1121.71	1122.363
USGS	6478526	6	3	2012	2021	10	21.67	1121.67	1122.323
USGS	6478526	6	4	2012	2021	10	21.66	1121.66	1122.313
USGS	6478526	6	5	2012	2021	10	21.66	1121.66	1122.313
USGS	6478526	6	6	2012	2021	10	21.63	1121.63	1122.283
USGS	6478526	6	7	2012	2020	9	21.65	1121.65	1122.303
USGS	6478526	6	8	2012	2020	9	21.75	1121.75	1122.403
USGS	6478526	6	9	2012	2021	10	21.7	1121.7	1122.353
USGS	6478526	6	10	2012	2020	9	21.78	1121.78	1122.433
USGS	6478526	6	11	2012	2021	10	21.86	1121.86	1122.513
USGS	6478526	6	12	2012	2021	10	21.78	1121.78	1122.433
USGS	6478526	6	13	2012	2020	9	21.81	1121.81	1122.463
USGS	6478526	6	14	2012	2021	10	21.87	1121.87	1122.523
USGS	6478526	6	15	2012	2021	10	21.83	1121.83	1122.483
USGS	6478526	6	16	2012	2020	9	21.78	1121.78	1122.433
USGS	6478526	6	17	2012	2020	9	21.87	1121.87	1122.523
USGS	6478526	6	18	2012	2021	10	21.69	1121.69	1122.343
USGS	6478526	6	19	2012	2020	9	21.47	1121.47	1122.123
USGS	6478526	6	20	2012	2020	9	21.42	1121.42	1122.073
USGS	6478526	6	21	2012	2021	10	21.43	1121.43	1122.083
USGS	6478526	6	22	2012	2020	9	21.39	1121.39	1122.043
USGS	6478526	6	23	2012	2021	10	21.28	1121.28	1121.933
USGS	6478526	6	24	2012	2021	10	21.28	1121.28	1121.933
USGS	6478526	6	25	2012	2021	10	21.3	1121.3	1121.953
USGS	6478526	6	26	2012	2021	10	21.43	1121.43	1122.083
USGS	6478526	6	27	2012	2021	10	21.4	1121.4	1122.053
USGS	6478526	6	28	2012	2021	10	21.4	1121.4	1122.053
USGS	6478526	6	29	2012	2021	10	21.41	1121.41	1122.063
USGS	6478526	6	30	2012	2021	10	21.42	1121.42	1122.073
USGS	6478526	7	1	2012	2021	10	21.45	1121.45	1122.103
USGS	6478526	7	2	2012	2021	10	21.47	1121.47	1122.123
USGS	6478526	7	3	2012	2021	10	21.51	1121.51	1122.163
USGS	6478526	7	4	2012	2021	10	21.56	1121.56	1122.213
USGS	6478526	7	5	2012	2021	10	21.66	1121.66	1122.313
USGS	6478526	7	6	2012	2021	10	21.68	1121.68	1122.333
USGS	6478526	7	7	2012	2021	10	21.71	1121.71	1122.363
USGS	6478526	7	8	2012	2020	9	21.75	1121.75	1122.403
USGS	6478526	7	9	2012	2020	9	21.78	1121.78	1122.433
USGS	6478526	7	10	2012	2021	10	21.73	1121.73	1122.383
USGS	6478526	7	11	2012	2021	10	21.75	1121.75	1122.403
USGS	6478526	7	12	2012	2021	10	21.77	1121.77	1122.423
USGS	6478526	7	13	2012	2021	10	21.79	1121.79	1122.443
USGS	6478526	7	14	2012	2021	10	21.78	1121.78	1122.433
USGS	6478526	7	15	2012	2021	10	21.78	1121.78	1122.433
USGS	6478526	7	16	2012	2021	10	21.8	1121.8	1122.453
USGS	6478526	7	17	2012	2020	9	21.93	1121.93	1122.583
USGS	6478526	7	18	2012	2020	9	21.96	1121.96	1122.613
USGS	6478526	7	19	2012	2021	10	21.91	1121.91	1122.563
USGS	6478526	7	20	2012	2021	10	21.88	1121.88	1122.533
USGS	6478526	7	21	2012	2021	10	21.88	1121.88	1122.533
USGS	6478526	7	22	2012	2020	9	21.93	1121.93	1122.583
USGS	6478526	7	23	2012	2020	9	21.93	1121.93	1122.583
USGS	6478526	7	24	2012	2021	10	21.85	1121.85	1122.503
USGS	6478526	7	25	2012	2021	10	21.85	1121.85	1122.503
USGS	6478526	7	26	2012	2020	9	21.92	1121.92	1122.573
USGS	6478526	7	27	2012	2021	10	21.87	1121.87	1122.523
USGS	6478526	7	28	2012	2021	10	21.87	1121.87	1122.523
USGS	6478526	7	29	2012	2021	10	21.88	1121.88	1122.533
USGS	6478526	7	30	2012	2021	10	21.89	1121.89	1122.543
USGS	6478526	7	31	2012	2021	10	21.89	1121.89	1122.543
USGS	6478526	8	1	2012	2021	10	21.86	1121.86	1122.513
USGS	6478526	8	2	2012	2020	9	21.89	1121.89	1122.543
USGS	6478526	8	3	2012	2021	10	21.86	1121.86	1122.513
USGS	6478526	8	4	2012	2021	10	21.85	1121.85	1122.503
USGS	6478526	8	5	2012	2020	9	21.87	1121.87	1122.523
USGS	6478526	8	6	2012	2020	9	21.86	1121.86	1122.513
USGS	6478526	8	7	2012	2020	9	21.86	1121.86	1122.513
USGS	6478526	8	8	2012	2020	9	21.84	1121.84	1122.493
USGS	6478526	8	9	2012	2020	9	21.86	1121.86	1122.513
USGS	6478526	8	10	2012	2021	10	21.85	1121.85	1122.503
USGS	6478526	8	11	2012	2021	10	21.85	1121.85	1122.503
USGS	6478526	8	12	2012	2021	10	21.85	1121.85	1122.503
USGS	6478526	8	13	2012	2021	10	21.86	1121.86	1122.513
USGS	6478526	8	14	2012	2020	9	21.9	1121.9	1122.553
USGS	6478526	8	15	2012	2020	9	21.9	1121.9	1122.553
USGS	6478526	8	16	2012	2020	9	21.92	1121.92	1122.573
USGS	6478526	8	17	2012	2021	10	21.89	1121.89	1122.543
USGS	6478526	8	18	2012	2021	10	21.85	1121.85	1122.503
USGS	6478526	8	19	2012	2021	10	21.84	1121.84	1122.493
USGS	6478526	8	20	2012	2021	10	21.86	1121.86	1122.513
USGS	6478526	8	21	2012	2020	9	21.89	1121.89	1122.543
USGS	6478526	8	22	2012	2020	9	21.91	1121.91	1122.563
USGS	6478526	8	23	2012	2020	9	21.93	1121.93	1122.583
USGS	6478526	8	24	2012	2020	9	21.95	1121.95	1122.603
USGS	6478526	8	25	2012	2020	9	22	1122	1122.653
USGS	6478526	8	26	2012	2021	10	22.02	1122.02	1122.673
USGS	6478526	8	27	2012	2021	10	22.02	1122.02	1122.673
USGS	6478526	8	28	2012	2021	10	22.01	1122.01	1122.663
USGS	6478526	8	29	2012	2021	10	22.03	1122.03	1122.683
USGS	6478526	8	30	2012	2021	10	22.08	1122.08	1122.733
USGS	6478526	8	31	2012	2021	10	22.08	1122.08	1122.733
USGS	6478526	9	1	2012	2021	10	22.09	1122.09	1122.743
USGS	6478526	9	2	2012	2021	10	22.11	1122.11	1122.763
USGS	6478526	9	3	2012	2021	10	22.11	1122.11	1122.763
USGS	6478526	9	4	2012	2021	10	22.13	1122.13	1122.783
USGS	6478526	9	5	2012	2021	8	21.84	1121.84	1122.493
USGS	6478526	9	6	2012	2021	8	21.87	1121.87	1122.523
USGS	6478526	9	7	2012	2020	7	21.95	1121.95	1122.603
USGS	6478526	9	8	2012	2021	8	21.9	1121.9	1122.553
USGS	6478526	9	9	2012	2021	9	21.83	1121.83	1122.483
USGS	6478526	9	10	2012	2021	9	21.82	1121.82	1122.473
USGS	6478526	9	11	2012	2021	9	21.85	1121.85	1122.503
USGS	6478526	9	12	2012	2021	10	22.26	1122.26	1122.913
USGS	6478526	9	13	2012	2021	10	22.32	1122.32	1122.973
USGS	6478526	9	14	2012	2021	10	22.44	1122.44	1123.093
USGS	6478526	9	15	2012	2020	9	22.57	1122.57	1123.223
USGS	6478526	9	16	2012	2020	9	22.55	1122.55	1123.203
USGS	6478526	9	17	2012	2021	10	22.41	1122.41	1123.063
USGS	6478526	9	18	2012	2020	9	22.4	1122.4	1123.053
USGS	6478526	9	19	2012	2020	9	22.39	1122.39	1123.043
USGS	6478526	9	20	2012	2020	9	22.4	1122.4	1123.053
USGS	6478526	9	21	2012	2021	10	22.36	1122.36	1123.013
USGS	6478526	9	22	2012	2021	10	22.35	1122.35	1123.003
USGS	6478526	9	23	2012	2021	10	22.31	1122.31	1122.963
USGS	6478526	9	24	2012	2021	10	22.3	1122.3	1122.953
USGS	6478526	9	25	2012	2021	10	22.27	1122.27	1122.923
USGS	6478526	9	26	2012	2021	10	22.24	1122.24	1122.893
USGS	6478526	9	27	2012	2021	10	22.26	1122.26	1122.913
USGS	6478526	9	28	2012	2021	10	22.26	1122.26	1122.913
USGS	6478526	9	29	2012	2021	10	22.24	1122.24	1122.893
USGS	6478526	9	30	2012	2021	10	22.2	1122.2	1122.853
USGS	6478526	10	1	2013	2022	10	22.21	1122.21	1122.863
USGS	6478526	10	2	2013	2022	10	22.19	1122.19	1122.843
USGS	6478526	10	3	2013	2022	10	22.23	1122.23	1122.883
USGS	6478526	10	4	2013	2021	9	22.27	1122.27	1122.923
USGS	6478526	10	5	2013	2021	9	22.21	1122.21	1122.863
USGS	6478526	10	6	2013	2021	9	22.16	1122.16	1122.813
USGS	6478526	10	7	2013	2021	9	22.2	1122.2	1122.853
USGS	6478526	10	8	2013	2021	9	22.2	1122.2	1122.853
USGS	6478526	10	9	2013	2021	9	22.16	1122.16	1122.813
USGS	6478526	10	10	2013	2021	9	22.15	1122.15	1122.803
USGS	6478526	10	11	2013	2021	9	22.18	1122.18	1122.833
USGS	6478526	10	12	2013	2021	9	22.24	1122.24	1122.893
USGS	6478526	10	13	2013	2021	9	22.3	1122.3	1122.953
USGS	6478526	10	14	2013	2021	9	22.34	1122.34	1122.993
USGS	6478526	10	15	2013	2021	9	22.33	1122.33	1122.983
USGS	6478526	10	16	2013	2021	9	22.26	1122.26	1122.913
USGS	6478526	10	17	2013	2021	9	22.24	1122.24	1122.893
USGS	6478526	10	18	2013	2021	9	22.26	1122.26	1122.913
USGS	6478526	10	19	2013	2021	9	22.27	1122.27	1122.923
USGS	6478526	10	20	2013	2021	9	22.28	1122.28	1122.933
USGS	6478526	10	21	2013	2021	9	22.29	1122.29	1122.943
USGS	6478526	10	22	2013	2021	9	22.33	1122.33	1122.983
USGS	6478526	10	23	2013	2021	9	22.36	1122.36	1123.013
USGS	6478526	10	24	2013	2021	9	22.37	1122.37	1123.023
USGS	6478526	10	25	2013	2021	9	22.39	1122.39	1123.043
USGS	6478526	10	26	2013	2021	9	22.4	1122.4	1123.053
USGS	6478526	10	27	2013	2021	9	22.4	1122.4	1123.053
USGS	6478526	10	28	2013	2021	9	22.39	1122.39	1123.043
USGS	6478526	10	29	2013	2021	9	22.39	1122.39	1123.043
USGS	6478526	10	30	2013	2021	9	22.4	1122.4	1123.053
USGS	6478526	10	31	2013	2021	9	22.4	1122.4	1123.053
USGS	6478526	11	1	2013	2021	9	22.39	1122.39	1123.043
USGS	6478526	11	2	2013	2021	9	22.34	1122.34	1122.993
USGS	6478526	11	3	2013	2021	9	22.33	1122.33	1122.983
USGS	6478526	11	4	2013	2021	9	22.34	1122.34	1122.993
USGS	6478526	11	5	2013	2021	9	22.35	1122.35	1123.003
USGS	6478526	11	6	2013	2021	9	22.35	1122.35	1123.003
USGS	6478526	11	7	2013	2021	9	22.31	1122.31	1122.963
USGS	6478526	11	8	2013	2021	9	22.27	1122.27	1122.923
USGS	6478526	11	9	2013	2021	9	22.25	1122.25	1122.903
USGS	6478526	11	10	2013	2021	9	22.21	1122.21	1122.863
USGS	6478526	11	11	2013	2021	9	22.23	1122.23	1122.883
USGS	6478526	11	12	2013	2021	9	22.2	1122.2	1122.853
USGS	6478526	11	13	2013	2021	9	22.15	1122.15	1122.803
USGS	6478526	11	14	2013	2021	9	22.15	1122.15	1122.803
USGS	6478526	11	15	2013	2021	9	22.15	1122.15	1122.803
USGS	6478526	11	16	2013	2021	9	22.16	1122.16	1122.813
USGS	6478526	11	17	2013	2021	9	22.18	1122.18	1122.833
USGS	6478526	11	18	2013	2021	9	22.17	1122.17	1122.823
USGS	6478526	11	19	2013	2021	9	22.14	1122.14	1122.793
USGS	6478526	11	20	2013	2021	9	22.17	1122.17	1122.823
USGS	6478526	11	21	2013	2021	9	22.15	1122.15	1122.803
USGS	6478526	11	22	2013	2021	9	22.09	1122.09	1122.743
USGS	6478526	11	23	2013	2021	9	21.98	1121.98	1122.633
USGS	6478526	11	24	2013	2021	9	21.75	1121.75	1122.403
USGS	6478526	11	25	2013	2021	8	21.09	1121.09	1121.743
USGS	6478526	11	26	2013	2021	8	20.85	1120.85	1121.503
USGS	6478526	11	27	2013	2021	8	20.62	1120.62	1121.273
USGS	6478526	11	28	2013	2021	8	20.42	1120.42	1121.073
USGS	6478526	11	29	2013	2021	9	20.83	1120.83	1121.483
USGS	6478526	11	30	2013	2020	8	20.99	1120.99	1121.643
USGS	6478526	12	1	2013	2020	8	20.95	1120.95	1121.603
USGS	6478526	12	2	2013	2020	8	20.92	1120.92	1121.573
USGS	6478526	12	3	2013	2020	8	20.81	1120.81	1121.463
USGS	6478526	12	4	2013	2020	8	20.63	1120.63	1121.283
USGS	6478526	12	5	2013	2020	8	20.49	1120.49	1121.143
USGS	6478526	12	6	2013	2021	8	19.79	1119.79	1120.443
USGS	6478526	12	7	2013	2019	7	19.88	1119.88	1120.533
USGS	6478526	12	8	2013	2019	7	19.72	1119.72	1120.373
USGS	6478526	12	9	2013	2021	8	19.52	1119.52	1120.173
USGS	6478526	12	10	2013	2021	8	19.44	1119.44	1120.093
USGS	6478526	12	11	2013	2021	8	19.36	1119.36	1120.013
USGS	6478526	12	12	2013	2021	9	19.52	1119.52	1120.173
USGS	6478526	12	13	2013	2021	9	19.44	1119.44	1120.093
USGS	6478526	12	14	2013	2021	9	19.4	1119.4	1120.053
USGS	6478526	12	15	2013	2021	8	19.26	1119.26	1119.913
USGS	6478526	12	16	2013	2021	8	19.29	1119.29	1119.943
USGS	6478526	12	17	2013	2021	8	19.33	1119.33	1119.983
USGS	6478526	12	18	2013	2021	8	19.26	1119.26	1119.913
USGS	6478526	12	19	2013	2020	8	19.41	1119.41	1120.063
USGS	6478526	12	20	2013	2021	9	19.4	1119.4	1120.053
USGS	6478526	12	21	2013	2021	9	19.43	1119.43	1120.083
USGS	6478526	12	22	2013	2021	9	19.42	1119.42	1120.073
USGS	6478526	12	23	2013	2021	9	19.38	1119.38	1120.033
USGS	6478526	12	24	2013	2021	9	19.44	1119.44	1120.093
USGS	6478526	12	25	2013	2021	9	19.5	1119.5	1120.153
USGS	6478526	12	26	2013	2021	9	19.57	1119.57	1120.223
USGS	6478526	12	27	2013	2021	9	19.56	1119.56	1120.213
USGS	6478526	12	28	2013	2021	9	19.54	1119.54	1120.193
USGS	6478526	12	29	2013	2021	9	19.6	1119.6	1120.253
USGS	6478526	12	30	2013	2021	8	19.64	1119.64	1120.293
USGS	6478526	12	31	2013	2021	8	19.72	1119.72	1120.373
