site_no	month_nu	day_nu	begin_yr	end_yr	count_nu	mean_va	date	stage_elv	begin_node	end_node	distance	slope	conversion_factor	node		
6479010	1	1	2018	2021	4	4.54	1/1/2015	1126.19	1122.878	1116.7518	4.14	0.8	3.312	begin		
6479010	1	2	2018	2021	4	4.63	1/2/2015	1126.28	1126.28	1116.8518	6.36					
6479010	1	3	2018	2021	4	4.63	1/3/2015	1126.28	1126.28	1117.0318	10.5			end	from end node calcs for missouri river	
6479010	1	4	2018	2021	4	4.52	1/4/2015	1126.17	1126.17	1117.1618						
6479010	1	5	2018	2021	4	4.48	1/5/2015	1126.13	1126.13	1117.1818		0.899047619				1118.1218
6479010	1	6	2018	2021	4	4.35	1/6/2015	1126	1126	1116.9318		1.1484				
6479010	1	7	2018	2021	4	4.33	1/7/2015	1125.98	1125.98	1117.0718		0.846495238				1119.0618
6479010	1	8	2018	2021	4	4.39	1/8/2015	1126.04	1126.04	1117.2218		0.246495238				1121.65
6479010	1	9	2018	2021	4	4.41	1/9/2015	1126.06	1126.06	1117.1918		0.785109524				
6479010	1	10	2018	2021	4	4.46	1/10/2015	1126.11	1126.11	1117.4418						
6479010	1	11	2018	2021	4	4.41	1/11/2015	1126.06	1126.06	1116.9818						
6479010	1	12	2018	2021	4	4.57	1/12/2015	1126.22	1126.22	1116.7918						
6479010	1	13	2018	2021	4	4.46	1/13/2015	1126.11	1126.11	1116.8618						
6479010	1	14	2018	2021	4	4.28	1/14/2015	1125.93	1125.93	1117.0218						
6479010	1	15	2018	2021	4	4.2	1/15/2015	1125.85	1125.85	1116.9818						
6479010	1	16	2018	2021	4	4.49	1/16/2015	1126.14	1126.14	1116.8518						
6479010	1	17	2018	2021	4	4.49	1/17/2015	1126.14	1126.14	1116.7318						
6479010	1	18	2018	2021	4	4.43	1/18/2015	1126.08	1126.08	1116.8718						
6479010	1	19	2018	2021	4	4.34	1/19/2015	1125.99	1125.99	1116.6018						
6479010	1	20	2018	2021	4	4.47	1/20/2015	1126.12	1126.12	1116.6118						
6479010	1	21	2018	2021	4	4.52	1/21/2015	1126.17	1126.17	1116.5518						
6479010	1	22	2018	2021	4	4.55	1/22/2015	1126.2	1126.2	1116.7418						
6479010	1	23	2018	2021	4	4.43	1/23/2015	1126.08	1126.08	1116.6518						
6479010	1	24	2018	2021	4	4.43	1/24/2015	1126.08	1126.08	1116.7418						
6479010	1	25	2018	2021	4	4.51	1/25/2015	1126.16	1126.16	1116.7118						
6479010	1	26	2018	2021	4	4.52	1/26/2015	1126.17	1126.17	1116.6618						
6479010	1	27	2018	2021	4	4.3	1/27/2015	1125.95	1125.95	1116.4718						
6479010	1	28	2018	2021	4	4.05	1/28/2015	1125.7	1125.7	1116.5618						
6479010	1	29	2018	2021	4	3.93	1/29/2015	1125.58	1125.58	1116.5318						
6479010	1	30	2018	2021	4	3.89	1/30/2015	1125.54	1125.54	1116.5118						
6479010	1	31	2018	2021	4	3.87	1/31/2015	1125.52	1125.52	1116.4718						
6479010	2	1	2018	2021	4	3.86	2/1/2015	1125.51	1125.51	1116.5018						
6479010	2	2	2018	2021	4	3.99	2/2/2015	1125.64	1125.64	1116.5218						
6479010	2	3	2018	2021	4	3.93	2/3/2015	1125.58	1125.58	1116.4718						
6479010	2	4	2018	2021	4	3.99	2/4/2015	1125.64	1125.64	1116.3118						
6479010	2	5	2018	2021	4	4.13	2/5/2015	1125.78	1125.78	1116.3218						
6479010	2	6	2018	2021	4	4.17	2/6/2015	1125.82	1125.82	1116.4118						
6479010	2	7	2018	2021	4	4.12	2/7/2015	1125.77	1125.77	1116.4618						
6479010	2	8	2018	2021	4	4.19	2/8/2015	1125.84	1125.84	1116.5118						
6479010	2	9	2018	2021	4	4.02	2/9/2015	1125.67	1125.67	1116.5318						
6479010	2	10	2018	2021	4	3.9	2/10/2015	1125.55	1125.55	1116.5418						
6479010	2	11	2018	2021	4	3.88	2/11/2015	1125.53	1125.53	1116.5418						
6479010	2	12	2018	2020	3	4.22	2/12/2015	1125.87	1125.87	1116.4718						
6479010	2	13	2018	2021	3	3.4	2/13/2015	1125.05	1125.05	1116.4618						
6479010	2	14	2018	2021	4	3.88	2/14/2015	1125.53	1125.53	1116.4518						
6479010	2	15	2018	2021	4	3.82	2/15/2015	1125.47	1125.47	1116.3718						
6479010	2	16	2018	2021	4	3.79	2/16/2015	1125.44	1125.44	1116.4018						
6479010	2	17	2018	2021	4	3.71	2/17/2015	1125.36	1125.36	1116.3918						
6479010	2	18	2018	2021	4	3.6	2/18/2015	1125.25	1125.25	1116.3518						
6479010	2	19	2018	2021	4	3.59	2/19/2015	1125.24	1125.24	1116.3918						
6479010	2	20	2018	2021	4	3.78	2/20/2015	1125.43	1125.43	1116.4118						
6479010	2	21	2018	2021	4	3.69	2/21/2015	1125.34	1125.34	1116.3918						
6479010	2	22	2018	2021	4	3.51	2/22/2015	1125.16	1125.16	1116.3618						
6479010	2	23	2018	2021	4	3.49	2/23/2015	1125.14	1125.14	1116.3118						
6479010	2	24	2018	2021	4	3.74	2/24/2015	1125.39	1125.39	1116.2418						
6479010	2	25	2018	2021	4	3.92	2/25/2015	1125.57	1125.57	1116.1918						
6479010	2	26	2018	2021	4	3.93	2/26/2015	1125.58	1125.58	1116.2018						
6479010	2	27	2018	2021	4	3.96	2/27/2015	1125.61	1125.61	1116.2518						
6479010	2	28	2018	2021	4	4.02	2/28/2015	1125.67	1125.67	1116.1918						
6479010	2	29	2020	2020	1	6.64	3/1/2015	1128.29	1128.29	1116.1918						
6479010	3	1	2018	2021	4	4.03	3/1/2015	1125.68	1125.68	1116.3118						
6479010	3	2	2018	2021	4	4.19	3/2/2015	1125.84	1125.84	1116.6318						
6479010	3	3	2018	2021	4	4.71	3/3/2015	1126.36	1126.36	1116.6518						
6479010	3	4	2018	2021	4	5.29	3/4/2015	1126.94	1126.94	1116.5118						
6479010	3	5	2018	2021	4	6.07	3/5/2015	1127.72	1127.72	1116.3318						
6479010	3	6	2018	2021	4	6.13	3/6/2015	1127.78	1127.78	1116.2318						
6479010	3	7	2018	2021	4	6.06	3/7/2015	1127.71	1127.71	1116.1818						
6479010	3	8	2018	2021	4	6.07	3/8/2015	1127.72	1127.72	1116.2118						
6479010	3	9	2018	2021	4	6.03	3/9/2015	1127.68	1127.68	1116.2018						
6479010	3	10	2018	2021	4	5.88	3/10/2015	1127.53	1127.53	1116.1818						
6479010	3	11	2018	2021	4	6.05	3/11/2015	1127.7	1127.7	1116.0918						
6479010	3	12	2018	2021	3	4.47	3/12/2015	1126.12	1126.12	1116.3418						
6479010	3	13	2018	2021	4	8.25	3/13/2015	1129.9	1129.9	1116.7618						
6479010	3	14	2018	2021	4	9.99	3/14/2015	1131.64	1131.64	1116.8518						
6479010	3	15	2018	2021	4	10.15	3/15/2015	1131.8	1131.8	1116.8218						
6479010	3	16	2018	2021	4	12.83	3/16/2015	1134.48	1134.48	1116.8518						
6479010	3	17	2018	2021	4	13.31	3/17/2015	1134.96	1134.96	1117.0918						
6479010	3	18	2018	2021	4	13.18	3/18/2015	1134.83	1134.83	1117.1918						
6479010	3	19	2018	2021	4	12.98	3/19/2015	1134.63	1134.63	1117.0918						
6479010	3	20	2018	2021	4	12.83	3/20/2015	1134.48	1134.48	1117.1118						
6479010	3	21	2018	2021	4	12.54	3/21/2015	1134.19	1134.19	1117.2918						
6479010	3	22	2018	2021	4	12.27	3/22/2015	1133.92	1133.92	1117.4418						
6479010	3	23	2018	2021	4	11.97	3/23/2015	1133.62	1133.62	1117.6018						
6479010	3	24	2018	2021	4	11.85	3/24/2015	1133.5	1133.5	1117.7518						
6479010	3	25	2018	2021	4	11.99	3/25/2015	1133.64	1133.64	1117.8418						
6479010	3	26	2018	2021	4	11.97	3/26/2015	1133.62	1133.62	1117.8818						
6479010	3	27	2018	2021	4	11.82	3/27/2015	1133.47	1133.47	1117.8918						
6479010	3	28	2018	2021	4	11.65	3/28/2015	1133.3	1133.3	1117.9418						
6479010	3	29	2018	2021	4	11.74	3/29/2015	1133.39	1133.39	1117.9418						
6479010	3	30	2018	2021	4	11.15	3/30/2015	1132.8	1132.8	1117.9718						
6479010	3	31	2018	2021	4	10.65	3/31/2015	1132.3	1132.3	1117.9818						
6479010	4	1	2018	2021	4	10.32	4/1/2015	1131.97	1131.97	1117.9618						
6479010	4	2	2018	2021	4	10.04	4/2/2015	1131.69	1131.69	1117.9718						
6479010	4	3	2018	2021	4	9.72	4/3/2015	1131.37	1131.37	1117.9918						
6479010	4	4	2018	2021	4	9.42	4/4/2015	1131.07	1131.07	1118.0318						
6479010	4	5	2018	2021	4	9.08	4/5/2015	1130.73	1130.73	1118.0818						
6479010	4	6	2018	2021	4	8.78	4/6/2015	1130.43	1130.43	1118.1218						
6479010	4	7	2018	2021	4	8.53	4/7/2015	1130.18	1130.18	1118.1518						
6479010	4	8	2018	2021	4	8.44	4/8/2015	1130.09	1130.09	1118.1818						
6479010	4	9	2018	2021	4	8.54	4/9/2015	1130.19	1130.19	1118.0918						
6479010	4	10	2018	2021	4	8.56	4/10/2015	1130.21	1130.21	1118.0618						
6479010	4	11	2018	2021	4	8.93	4/11/2015	1130.58	1130.58	1118.0518						
6479010	4	12	2018	2021	4	9.29	4/12/2015	1130.94	1130.94	1118.1018						
6479010	4	13	2018	2021	4	9.31	4/13/2015	1130.96	1130.96	1118.0518						
6479010	4	14	2018	2021	4	9.49	4/14/2015	1131.14	1131.14	1118.0718						
6479010	4	15	2018	2021	4	9.62	4/15/2015	1131.27	1131.27	1118.0818						
6479010	4	16	2018	2021	4	9.65	4/16/2015	1131.3	1131.3	1118.0518						
6479010	4	17	2018	2021	4	9.54	4/17/2015	1131.19	1131.19	1118.0118						
6479010	4	18	2018	2021	4	9.61	4/18/2015	1131.26	1131.26	1117.9718						
6479010	4	19	2018	2021	4	9.76	4/19/2015	1131.41	1131.41	1117.9518						
6479010	4	20	2018	2021	4	9.94	4/20/2015	1131.59	1131.59	1117.9418						
6479010	4	21	2018	2021	4	10.15	4/21/2015	1131.8	1131.8	1117.9018						
6479010	4	22	2018	2021	4	10.3	4/22/2015	1131.95	1131.95	1117.9118						
6479010	4	23	2018	2021	4	10.32	4/23/2015	1131.97	1131.97	1117.9218						
6479010	4	24	2018	2021	4	10.21	4/24/2015	1131.86	1131.86	1117.9318						
6479010	4	25	2018	2021	3	10.52	4/25/2015	1132.17	1132.17	1117.9318						
6479010	4	26	2018	2021	3	10.4	4/26/2015	1132.05	1132.05	1117.9518						
6479010	4	27	2018	2021	3	10.23	4/27/2015	1131.88	1131.88	1117.9618						
6479010	4	28	2018	2021	3	9.98	4/28/2015	1131.63	1131.63	1117.9918						
6479010	4	29	2018	2021	3	9.57	4/29/2015	1131.22	1131.22	1118.0418						
6479010	4	30	2018	2021	4	8.65	4/30/2015	1130.3	1130.3	1118.0518						
6479010	5	1	2018	2021	4	8.38	5/1/2015	1130.03	1130.03	1118.0218						
6479010	5	2	2018	2021	4	8.19	5/2/2015	1129.84	1129.84	1118.0318						
6479010	5	3	2018	2021	4	8.01	5/3/2015	1129.66	1129.66	1117.9818						
6479010	5	4	2018	2021	4	7.87	5/4/2015	1129.52	1129.52	1117.9218						
6479010	5	5	2018	2021	4	7.75	5/5/2015	1129.4	1129.4	1117.9318						
6479010	5	6	2018	2021	4	7.6	5/6/2015	1129.25	1129.25	1117.9618						
6479010	5	7	2018	2021	4	7.42	5/7/2015	1129.07	1129.07	1118.0918						
6479010	5	8	2018	2021	4	7.29	5/8/2015	1128.94	1128.94	1118.1018						
6479010	5	9	2018	2021	4	7.37	5/9/2015	1129.02	1129.02	1118.0918						
6479010	5	10	2018	2021	4	7.25	5/10/2015	1128.9	1128.9	1118.1818						
6479010	5	11	2018	2021	4	7.24	5/11/2015	1128.89	1128.89	1118.3018						
6479010	5	12	2018	2021	4	7.37	5/12/2015	1129.02	1129.02	1118.2918						
6479010	5	13	2018	2021	4	7.7	5/13/2015	1129.35	1129.35	1118.3218						
6479010	5	14	2018	2021	4	7.88	5/14/2015	1129.53	1129.53	1118.3018						
6479010	5	15	2018	2021	4	7.87	5/15/2015	1129.52	1129.52	1118.2418						
6479010	5	16	2018	2021	4	7.79	5/16/2015	1129.44	1129.44	1118.3118						
6479010	5	17	2018	2021	4	7.63	5/17/2015	1129.28	1129.28	1118.2718						
6479010	5	18	2018	2021	4	7.54	5/18/2015	1129.19	1129.19	1118.2718						
6479010	5	19	2018	2021	4	7.42	5/19/2015	1129.07	1129.07	1118.2918						
6479010	5	20	2018	2021	4	7.31	5/20/2015	1128.96	1128.96	1118.2418						
6479010	5	21	2018	2021	4	7.27	5/21/2015	1128.92	1128.92	1118.2718						
6479010	5	22	2018	2021	4	7.33	5/22/2015	1128.98	1128.98	1118.3718						
6479010	5	23	2018	2021	4	7.28	5/23/2015	1128.93	1128.93	1118.4418						
6479010	5	24	2018	2021	4	7.51	5/24/2015	1129.16	1129.16	1118.4918						
6479010	5	25	2018	2021	4	7.65	5/25/2015	1129.3	1129.3	1118.5918						
6479010	5	26	2018	2021	4	7.88	5/26/2015	1129.53	1129.53	1118.5918						
6479010	5	27	2018	2021	4	7.93	5/27/2015	1129.58	1129.58	1118.5318						
6479010	5	28	2018	2021	4	8	5/28/2015	1129.65	1129.65	1118.5218						
6479010	5	29	2018	2021	4	8.22	5/29/2015	1129.87	1129.87	1118.5318						
6479010	5	30	2018	2021	4	8.77	5/30/2015	1130.42	1130.42	1118.5318						
6479010	5	31	2018	2021	4	9.27	5/31/2015	1130.92	1130.92	1118.5318						
6479010	6	1	2018	2021	4	9.19	6/1/2015	1130.84	1130.84	1118.5218						
6479010	6	2	2018	2021	4	9.15	6/2/2015	1130.8	1130.8	1118.4818						
6479010	6	3	2018	2021	4	9.14	6/3/2015	1130.79	1130.79	1118.4718						
6479010	6	4	2018	2021	4	8.77	6/4/2015	1130.42	1130.42	1118.4718						
6479010	6	5	2018	2021	4	8.23	6/5/2015	1129.88	1129.88	1118.4418						
6479010	6	6	2018	2021	4	7.78	6/6/2015	1129.43	1129.43	1118.4618						
6479010	6	7	2018	2021	4	7.45	6/7/2015	1129.1	1129.1	1118.5618						
6479010	6	8	2018	2021	4	7.18	6/8/2015	1128.83	1128.83	1118.5118						
6479010	6	9	2018	2021	4	6.9	6/9/2015	1128.55	1128.55	1118.5918						
6479010	6	10	2018	2021	4	6.54	6/10/2015	1128.19	1128.19	1118.6718						
6479010	6	11	2018	2021	4	6.69	6/11/2015	1128.34	1128.34	1118.5918						
6479010	6	12	2018	2021	4	6.72	6/12/2015	1128.37	1128.37	1118.6218						
6479010	6	13	2018	2021	4	6.25	6/13/2015	1127.9	1127.9	1118.6818						
6479010	6	14	2018	2021	4	5.77	6/14/2015	1127.42	1127.42	1118.6418						
6479010	6	15	2018	2021	4	5.44	6/15/2015	1127.09	1127.09	1118.5918						
6479010	6	16	2018	2021	4	5.21	6/16/2015	1126.86	1126.86	1118.6818						
6479010	6	17	2018	2021	4	5.05	6/17/2015	1126.7	1126.7	1118.5018						
6479010	6	18	2018	2021	4	5.36	6/18/2015	1127.01	1127.01	1118.2818						
6479010	6	19	2018	2021	4	5.53	6/19/2015	1127.18	1127.18	1118.2318						
6479010	6	20	2018	2021	4	5.99	6/20/2015	1127.64	1127.64	1118.2418						
6479010	6	21	2018	2021	4	8.39	6/21/2015	1130.04	1130.04	1118.2018						
6479010	6	22	2018	2021	4	8.84	6/22/2015	1130.49	1130.49	1118.0918						
6479010	6	23	2018	2021	4	8.89	6/23/2015	1130.54	1130.54	1118.0918						
6479010	6	24	2018	2021	4	8.91	6/24/2015	1130.56	1130.56	1118.1118						
6479010	6	25	2018	2021	4	8.9	6/25/2015	1130.55	1130.55	1118.2418						
6479010	6	26	2018	2021	4	9.01	6/26/2015	1130.66	1130.66	1118.2118						
6479010	6	27	2018	2021	4	9.73	6/27/2015	1131.38	1131.38	1118.2118						
6479010	6	28	2018	2021	4	10.37	6/28/2015	1132.02	1132.02	1118.2218						
6479010	6	29	2018	2021	4	10.48	6/29/2015	1132.13	1132.13	1118.2318						
6479010	6	30	2018	2021	4	10.43	6/30/2015	1132.08	1132.08	1118.2618						
6479010	7	1	2018	2021	4	10.07	7/1/2015	1131.72	1131.72	1118.2818						
6479010	7	2	2018	2021	4	9.51	7/2/2015	1131.16	1131.16	1118.3218						
6479010	7	3	2018	2020	3	11.49	7/3/2015	1133.14	1133.14	1118.3718						
6479010	7	4	2018	2021	4	8.72	7/4/2015	1130.37	1130.37	1118.4718						
6479010	7	5	2018	2021	4	8.42	7/5/2015	1130.07	1130.07	1118.4918						
6479010	7	6	2018	2021	4	8.25	7/6/2015	1129.9	1129.9	1118.5218						
6479010	7	7	2018	2020	3	10.14	7/7/2015	1131.79	1131.79	1118.5618						
6479010	7	8	2018	2020	3	9.86	7/8/2015	1131.51	1131.51	1118.5918						
6479010	7	9	2018	2021	4	7.73	7/9/2015	1129.38	1129.38	1118.5418						
6479010	7	10	2018	2021	4	7.66	7/10/2015	1129.31	1129.31	1118.5618						
6479010	7	11	2018	2021	4	7.29	7/11/2015	1128.94	1128.94	1118.5818						
6479010	7	12	2018	2021	4	7.06	7/12/2015	1128.71	1128.71	1118.6018						
6479010	7	13	2018	2021	3	8.19	7/13/2015	1129.84	1129.84	1118.5918						
6479010	7	14	2018	2021	3	8.21	7/14/2015	1129.86	1129.86	1118.5918						
6479010	7	15	2018	2019	2	10.43	7/15/2015	1132.08	1132.08	1118.6118						
6479010	7	16	2018	2021	3	7.35	7/16/2015	1129	1129	1118.7418						
6479010	7	17	2018	2021	3	7.26	7/17/2015	1128.91	1128.91	1118.7718						
6479010	7	18	2018	2021	3	7.28	7/18/2015	1128.93	1128.93	1118.7218						
6479010	7	19	2018	2021	3	7.18	7/19/2015	1128.83	1128.83	1118.6918						
6479010	7	20	2018	2021	3	7.02	7/20/2015	1128.67	1128.67	1118.6918						
6479010	7	21	2018	2021	2	4.79	7/21/2015	1126.44	1126.44	1118.7418						
6479010	7	22	2018	2018	1	7.19	7/22/2015	1128.84	1128.84	1118.7418						
6479010	7	23	2018	2019	2	8.88	7/23/2015	1130.53	1130.53	1118.6618						
6479010	7	24	2018	2021	3	6.22	7/24/2015	1127.87	1127.87	1118.6618						
6479010	7	25	2018	2021	3	5.9	7/25/2015	1127.55	1127.55	1118.7318						
6479010	7	26	2018	2021	3	5.62	7/26/2015	1127.27	1127.27	1118.6818						
6479010	7	27	2018	2021	3	5.39	7/27/2015	1127.04	1127.04	1118.6818						
6479010	7	28	2018	2021	3	5.19	7/28/2015	1126.84	1126.84	1118.6918						
6479010	7	29	2018	2021	3	5.06	7/29/2015	1126.71	1126.71	1118.7018						
6479010	7	30	2018	2021	2	3.48	7/30/2015	1125.13	1125.13	1118.7018						
6479010	7	31	2018	2020	2	4.32	7/31/2015	1125.97	1125.97	1118.6718						
6479010	8	1	2018	2020	3	5.58	8/1/2015	1127.23	1127.23	1118.7018						
6479010	8	2	2018	2021	4	4.58	8/2/2015	1126.23	1126.23	1118.6718						
6479010	8	3	2018	2021	4	4.59	8/3/2015	1126.24	1126.24	1118.6618						
6479010	8	4	2018	2021	4	4.63	8/4/2015	1126.28	1126.28	1118.6818						
6479010	8	5	2018	2021	4	4.73	8/5/2015	1126.38	1126.38	1118.6718						
6479010	8	6	2018	2021	4	4.83	8/6/2015	1126.48	1126.48	1118.6718						
6479010	8	7	2018	2021	4	4.84	8/7/2015	1126.49	1126.49	1118.6518						
6479010	8	8	2018	2021	4	5.05	8/8/2015	1126.7	1126.7	1118.6718						
6479010	8	9	2018	2021	4	5.13	8/9/2015	1126.78	1126.78	1118.6618						
6479010	8	10	2018	2021	4	4.97	8/10/2015	1126.62	1126.62	1118.6618						
6479010	8	11	2018	2021	4	4.75	8/11/2015	1126.4	1126.4	1118.6618						
6479010	8	12	2018	2021	4	4.56	8/12/2015	1126.21	1126.21	1118.6718						
6479010	8	13	2018	2021	4	4.41	8/13/2015	1126.06	1126.06	1118.7118						
6479010	8	14	2018	2021	3	3.34	8/14/2015	1124.99	1124.99	1118.7118						
6479010	8	15	2018	2021	4	4.21	8/15/2015	1125.86	1125.86	1118.7318						
6479010	8	16	2018	2021	4	4.16	8/16/2015	1125.81	1125.81	1118.7018						
6479010	8	17	2018	2021	4	4.08	8/17/2015	1125.73	1125.73	1118.6618						
6479010	8	18	2018	2021	4	4.17	8/18/2015	1125.82	1125.82	1118.6518						
6479010	8	19	2018	2021	4	4.3	8/19/2015	1125.95	1125.95	1118.6718						
6479010	8	20	2018	2021	4	4.28	8/20/2015	1125.93	1125.93	1118.7018						
6479010	8	21	2018	2021	4	4.16	8/21/2015	1125.81	1125.81	1118.7218						
6479010	8	22	2018	2021	4	4.09	8/22/2015	1125.74	1125.74	1118.7418						
6479010	8	23	2018	2021	4	4.02	8/23/2015	1125.67	1125.67	1118.7618						
6479010	8	24	2018	2020	3	4.83	8/24/2015	1126.48	1126.48	1118.8118						
6479010	8	25	2018	2021	4	3.88	8/25/2015	1125.53	1125.53	1118.8318						
6479010	8	26	2018	2021	4	3.82	8/26/2015	1125.47	1125.47	1118.8318						
6479010	8	27	2018	2021	4	3.81	8/27/2015	1125.46	1125.46	1118.8218						
6479010	8	28	2018	2021	4	3.83	8/28/2015	1125.48	1125.48	1118.8418						
6479010	8	29	2018	2021	4	3.96	8/29/2015	1125.61	1125.61	1118.8918						
6479010	8	30	2018	2020	3	4.85	8/30/2015	1126.5	1126.5	1118.8918						
6479010	8	31	2018	2020	3	4.85	8/31/2015	1126.5	1126.5	1118.9018						
6479010	9	1	2018	2020	3	4.8	9/1/2015	1126.45	1126.45	1118.9218						
6479010	9	2	2018	2021	4	4.34	9/2/2015	1125.99	1125.99	1118.9218						
6479010	9	3	2018	2021	4	4.32	9/3/2015	1125.97	1125.97	1118.9418						
6479010	9	4	2018	2021	4	4.2	9/4/2015	1125.85	1125.85	1118.6518						
6479010	9	5	2018	2021	4	4.09	9/5/2015	1125.74	1125.74	1118.6818						
6479010	9	6	2018	2020	3	4.53	9/6/2015	1126.18	1126.18	1118.7618						
6479010	9	7	2018	2021	4	3.92	9/7/2015	1125.57	1125.57	1118.7118						
6479010	9	8	2018	2021	4	3.85	9/8/2015	1125.5	1125.5	1118.6418						
6479010	9	9	2018	2021	4	3.79	9/9/2015	1125.44	1125.44	1118.6318						
6479010	9	10	2018	2021	4	3.75	9/10/2015	1125.4	1125.4	1118.6618						
6479010	9	11	2018	2021	4	3.89	9/11/2015	1125.54	1125.54	1119.0718						
6479010	9	12	2018	2021	4	4.43	9/12/2015	1126.08	1126.08	1119.1318						
6479010	9	13	2018	2021	4	4.61	9/13/2015	1126.26	1126.26	1119.2518						
6479010	9	14	2018	2021	4	4.82	9/14/2015	1126.47	1126.47	1119.3818						
6479010	9	15	2018	2021	4	4.96	9/15/2015	1126.61	1126.61	1119.3618						
6479010	9	16	2018	2021	4	5.26	9/16/2015	1126.91	1126.91	1119.2218						
6479010	9	17	2018	2021	4	5.97	9/17/2015	1127.62	1127.62	1119.2118						
6479010	9	18	2018	2021	4	7.26	9/18/2015	1128.91	1128.91	1119.2018						
6479010	9	19	2018	2021	4	7.87	9/19/2015	1129.52	1129.52	1119.2118						
6479010	9	20	2018	2021	4	8.74	9/20/2015	1130.39	1130.39	1119.1718						
6479010	9	21	2018	2021	4	9.45	9/21/2015	1131.1	1131.1	1119.1618						
6479010	9	22	2018	2021	4	9.18	9/22/2015	1130.83	1130.83	1119.1218						
6479010	9	23	2018	2021	4	8.97	9/23/2015	1130.62	1130.62	1119.1118						
6479010	9	24	2018	2021	4	8.91	9/24/2015	1130.56	1130.56	1119.0818						
6479010	9	25	2018	2021	4	8.97	9/25/2015	1130.62	1130.62	1119.0518						
6479010	9	26	2018	2020	3	11.41	9/26/2015	1133.06	1133.06	1119.0718						
6479010	9	27	2018	2021	4	8.98	9/27/2015	1130.63	1130.63	1119.0718						
6479010	9	28	2018	2021	4	8.96	9/28/2015	1130.61	1130.61	1119.0518						
6479010	9	29	2018	2021	4	8.8	9/29/2015	1130.45	1130.45	1119.0118						
6479010	9	30	2018	2021	4	8.48	9/30/2015	1130.13	1130.13	1119.0218						
6479010	10	1	2019	2022	4	8.2	10/1/2015	1129.85	1129.85	1119.0018						
6479010	10	2	2019	2022	4	7.91	10/2/2015	1129.56	1129.56	1119.0418						
6479010	10	3	2019	2022	4	7.6	10/3/2015	1129.25	1129.25	1119.0818						
6479010	10	4	2019	2022	4	7.26	10/4/2015	1128.91	1128.91	1119.0218						
6479010	10	5	2019	2022	4	7.02	10/5/2015	1128.67	1128.67	1118.9718						
6479010	10	6	2019	2022	4	6.78	10/6/2015	1128.43	1128.43	1119.0118						
6479010	10	7	2019	2022	4	6.46	10/7/2015	1128.11	1128.11	1119.0118						
6479010	10	8	2019	2022	4	6.25	10/8/2015	1127.9	1127.9	1118.9718						
6479010	10	9	2019	2021	3	7.56	10/9/2015	1129.21	1129.21	1118.9618						
6479010	10	10	2019	2021	3	8.55	10/10/2015	1130.2	1130.2	1118.9918						
6479010	10	11	2019	2021	3	8.52	10/11/2015	1130.17	1130.17	1119.0518						
6479010	10	12	2019	2021	3	8.39	10/12/2015	1130.04	1130.04	1119.1118						
6479010	10	13	2019	2022	4	6.75	10/13/2015	1128.4	1128.4	1119.1518						
6479010	10	14	2019	2022	4	6.74	10/14/2015	1128.39	1128.39	1119.1418						
6479010	10	15	2019	2022	4	6.78	10/15/2015	1128.43	1128.43	1119.0718						
6479010	10	16	2019	2022	4	6.84	10/16/2015	1128.49	1128.49	1119.0518						
6479010	10	17	2019	2022	4	6.88	10/17/2015	1128.53	1128.53	1119.0718						
6479010	10	18	2019	2022	4	6.88	10/18/2015	1128.53	1128.53	1119.0818						
6479010	10	19	2019	2022	4	6.81	10/19/2015	1128.46	1128.46	1119.0918						
6479010	10	20	2019	2022	4	6.7	10/20/2015	1128.35	1128.35	1119.1018						
6479010	10	21	2019	2021	3	8.09	10/21/2015	1129.74	1129.74	1119.1418						
6479010	10	22	2019	2021	3	7.84	10/22/2015	1129.49	1129.49	1119.1718						
6479010	10	23	2019	2021	3	7.55	10/23/2015	1129.2	1129.2	1119.1818						
6479010	10	24	2019	2021	3	7.21	10/24/2015	1128.86	1128.86	1119.2018						
6479010	10	25	2019	2021	3	6.96	10/25/2015	1128.61	1128.61	1119.2118						
6479010	10	26	2019	2021	3	6.81	10/26/2015	1128.46	1128.46	1119.2118						
6479010	10	27	2019	2021	3	6.65	10/27/2015	1128.3	1128.3	1119.2018						
6479010	10	28	2019	2021	3	6.57	10/28/2015	1128.22	1128.22	1119.2018						
6479010	10	29	2019	2021	3	6.48	10/29/2015	1128.13	1128.13	1119.2118						
6479010	10	30	2019	2021	3	6.43	10/30/2015	1128.08	1128.08	1119.2118						
6479010	10	31	2019	2021	3	6.29	10/31/2015	1127.94	1127.94	1119.2018						
6479010	11	1	2019	2021	3	6.18	11/1/2015	1127.83	1127.83	1119.1518						
6479010	11	2	2019	2021	3	6.13	11/2/2015	1127.78	1127.78	1119.1418						
6479010	11	3	2019	2021	3	6.08	11/3/2015	1127.73	1127.73	1119.1518						
6479010	11	4	2019	2021	3	6.07	11/4/2015	1127.72	1127.72	1119.1618						
6479010	11	5	2019	2021	3	6.09	11/5/2015	1127.74	1127.74	1119.1618						
6479010	11	6	2019	2021	3	6.32	11/6/2015	1127.97	1127.97	1119.1218						
6479010	11	7	2019	2021	3	6.43	11/7/2015	1128.08	1128.08	1119.0818						
6479010	11	8	2019	2021	3	6.39	11/8/2015	1128.04	1128.04	1119.0618						
6479010	11	9	2019	2021	3	6.26	11/9/2015	1127.91	1127.91	1119.0218						
6479010	11	10	2019	2021	3	6.08	11/10/2015	1127.73	1127.73	1119.0418						
6479010	11	11	2019	2021	3	5.94	11/11/2015	1127.59	1127.59	1119.0118						
6479010	11	12	2019	2021	3	5.85	11/12/2015	1127.5	1127.5	1118.9618						
6479010	11	13	2019	2021	3	5.6	11/13/2015	1127.25	1127.25	1118.9618						
6479010	11	14	2019	2021	3	5.46	11/14/2015	1127.11	1127.11	1118.9618						
6479010	11	15	2019	2021	3	5.6	11/15/2015	1127.25	1127.25	1118.9718						
6479010	11	16	2019	2021	3	5.72	11/16/2015	1127.37	1127.37	1118.9918						
6479010	11	17	2019	2021	3	5.62	11/17/2015	1127.27	1127.27	1118.9818						
6479010	11	18	2019	2021	3	5.64	11/18/2015	1127.29	1127.29	1118.9518						
6479010	11	19	2019	2021	3	5.65	11/19/2015	1127.3	1127.3	1118.9818						
6479010	11	20	2019	2021	3	5.65	11/20/2015	1127.3	1127.3	1118.9618						
6479010	11	21	2019	2021	3	5.6	11/21/2015	1127.25	1127.25	1118.9018						
6479010	11	22	2019	2021	3	5.53	11/22/2015	1127.18	1127.18	1118.7918						
6479010	11	23	2019	2021	3	5.48	11/23/2015	1127.13	1127.13	1118.5618						
6479010	11	24	2019	2021	3	5.45	11/24/2015	1127.1	1127.1	1117.9018						
6479010	11	25	2019	2021	3	5.4	11/25/2015	1127.05	1127.05	1117.6618						
6479010	11	26	2019	2021	3	5.34	11/26/2015	1126.99	1126.99	1117.4318						
6479010	11	27	2019	2021	3	5.12	11/27/2015	1126.77	1126.77	1117.2318						
6479010	11	28	2019	2021	3	5.12	11/28/2015	1126.77	1126.77	1117.6418						
6479010	11	29	2019	2021	3	5.19	11/29/2015	1126.84	1126.84	1117.8018						
6479010	11	30	2019	2021	3	5.18	11/30/2015	1126.83	1126.83	1117.7618						
6479010	12	1	2019	2021	3	5.3	12/1/2015	1126.95	1126.95	1117.7318						
6479010	12	2	2019	2021	3	5.34	12/2/2015	1126.99	1126.99	1117.6218						
6479010	12	3	2019	2021	3	5.23	12/3/2015	1126.88	1126.88	1117.4418						
6479010	12	4	2019	2021	3	5.23	12/4/2015	1126.88	1126.88	1117.3018						
6479010	12	5	2019	2021	3	5.26	12/5/2015	1126.91	1126.91	1116.6018						
6479010	12	6	2019	2021	3	5.23	12/6/2015	1126.88	1126.88	1116.6918						
6479010	12	7	2019	2021	3	5.22	12/7/2015	1126.87	1126.87	1116.5318						
6479010	12	8	2019	2021	3	5.14	12/8/2015	1126.79	1126.79	1116.3318						
6479010	12	9	2019	2021	3	5.12	12/9/2015	1126.77	1126.77	1116.2518						
6479010	12	10	2019	2021	2	3.92	12/10/2015	1125.57	1125.57	1116.1718						
6479010	12	11	2019	2021	3	4.74	12/11/2015	1126.39	1126.39	1116.3318						
6479010	12	12	2019	2021	3	4.71	12/12/2015	1126.36	1126.36	1116.2518						
6479010	12	13	2019	2021	3	4.76	12/13/2015	1126.41	1126.41	1116.2118						
6479010	12	14	2019	2021	3	4.6	12/14/2015	1126.25	1126.25	1116.0718						
6479010	12	15	2019	2021	2	3.79	12/15/2015	1125.44	1125.44	1116.1018						
6479010	12	16	2019	2021	3	4.57	12/16/2015	1126.22	1126.22	1116.1418						
6479010	12	17	2019	2021	3	4.49	12/17/2015	1126.14	1126.14	1116.0718						
6479010	12	18	2019	2021	3	4.52	12/18/2015	1126.17	1126.17	1116.2218						
6479010	12	19	2019	2021	3	4.61	12/19/2015	1126.26	1126.26	1116.2118						
6479010	12	20	2019	2021	3	4.66	12/20/2015	1126.31	1126.31	1116.2418						
6479010	12	21	2019	2021	3	4.69	12/21/2015	1126.34	1126.34	1116.2318						
6479010	12	22	2019	2021	3	4.69	12/22/2015	1126.34	1126.34	1116.1918						
6479010	12	23	2019	2021	3	4.7	12/23/2015	1126.35	1126.35	1116.2518						
6479010	12	24	2019	2021	3	4.62	12/24/2015	1126.27	1126.27	1116.3118						
6479010	12	25	2019	2021	3	4.6	12/25/2015	1126.25	1126.25	1116.3818						
6479010	12	26	2019	2021	3	4.59	12/26/2015	1126.24	1126.24	1116.3718						
6479010	12	27	2019	2021	2	4.16	12/27/2015	1125.81	1125.81	1116.3518						
6479010	12	28	2019	2021	3	4.8	12/28/2015	1126.45	1126.45	1116.4118						
6479010	12	29	2019	2021	3	4.95	12/29/2015	1126.6	1126.6	1116.4518						
6479010	12	30	2019	2021	2	4.49	12/30/2015	1126.14	1126.14	1116.5318						
6479010	12	31	2019	2021	3	5.13	12/31/2015	1126.78	1126.78							
